# Created by Octave 3.2.4, Mon Jul 15 22:09:39 2013 EDT <dustsnow@dustsnow-MacBookPro>
# name: A
# type: matrix
# rows: 2000
# columns: 2
 0.09683772233983162 0.2094868329805052
 0.09367544467966324 0.2189736659610103
 0.09051316701949486 0.2284604989415155
 0.08735088935932647 0.2379473319220206
 0.08418861169915809 0.2474341649025258
 0.08102633403898971 0.2569209978830309
 0.07786405637882132 0.266407830863536
 0.07470177871865294 0.2758946638440412
 0.07153950105848456 0.2853814968245463
 0.06837722339831617 0.2948683298050514
 0.06521494573814779 0.3043551627855565
 0.06205266807797941 0.3138419957660616
 0.05889039041781104 0.3233288287465668
 0.05572811275764266 0.3328156617270719
 0.05256583509747428 0.342302494707577
 0.04940355743730591 0.3517893276880821
 0.04624127977713753 0.3612761606685873
 0.04307900211696915 0.3707629936490924
 0.03991672445680078 0.3802498266295975
 0.0367544467966324 0.3897366596101026
 0.03359216913646403 0.3992234925906077
 0.03042989147629565 0.4087103255711129
 0.02726761381612727 0.418197158551618
 0.02410533615595889 0.4276839915321231
 0.02094305849579051 0.4371708245126282
 0.01778078083562213 0.4466576574931334
 0.01461850317545375 0.4561444904736385
 0.01145622551528537 0.4656313234541436
 0.008293947855116987 0.4751181564346487
 0.005131670194948609 0.4846049894151538
 0.00196939253478023 0.494091822395659
 -0.001192885125388149 0.5035786553761641
 -0.004355162785556527 0.5130654883566692
 -0.007517440445724905 0.5225523213371743
 -0.01067971810589328 0.5320391543176795
 -0.01384199576606166 0.5415259872981846
 -0.01700427342623004 0.5510128202786897
 -0.02016655108639842 0.5604996532591948
 -0.0233288287465668 0.5699864862396999
 -0.02649110640673518 0.5794733192202051
 -0.02965338406690356 0.5889601522007102
 -0.03281566172707193 0.5984469851812153
 -0.03597793938724031 0.6079338181617204
 -0.03914021704740869 0.6174206511422256
 -0.04230249470757706 0.6269074841227307
 -0.04546477236774544 0.6363943171032358
 -0.04862705002791382 0.6458811500837409
 -0.05178932768808219 0.655367983064246
 -0.05495160534825057 0.6648548160447512
 -0.05811388300841894 0.6743416490252563
 -0.06127616066858732 0.6838284820057614
 -0.0644384383287557 0.6933153149862665
 -0.06760071598892409 0.7028021479667717
 -0.07076299364909247 0.7122889809472768
 -0.07392527130926085 0.7217758139277819
 -0.07708754896942924 0.731262646908287
 -0.08024982662959762 0.7407494798887921
 -0.083412104289766 0.7502363128692973
 -0.08657438194993439 0.7597231458498024
 -0.08973665961010277 0.7692099788303075
 -0.09289893727027115 0.7786968118108126
 -0.09606121493043954 0.7881836447913178
 -0.09922349259060792 0.7976704777718229
 -0.1023857702507763 0.807157310752328
 -0.1055480479109447 0.8166441437328331
 -0.1087103255711131 0.8261309767133382
 -0.1118726032312815 0.8356178096938434
 -0.1150348808914498 0.8451046426743485
 -0.1181971585516182 0.8545914756548536
 -0.1213594362117866 0.8640783086353587
 -0.124521713871955 0.8735651416158638
 -0.1276839915321234 0.883051974596369
 -0.1308462691922918 0.8925388075768741
 -0.1340085468524601 0.9020256405573792
 -0.1371708245126285 0.9115124735378843
 -0.1403331021727969 0.9209993065183895
 -0.1434953798329653 0.9304861394988946
 -0.1466576574931337 0.9399729724793997
 -0.1498199351533021 0.9494598054599048
 -0.1529822128134704 0.9589466384404099
 -0.1561444904736388 0.9684334714209151
 -0.1593067681338072 0.9779203044014202
 -0.1624690457939756 0.9874071373819253
 -0.165631323454144 0.9968939703624304
 -0.1687936011143124 1.006380803342936
 -0.1719558787744807 1.015867636323441
 -0.1751181564346491 1.025354469303946
 -0.1782804340948175 1.034841302284451
 -0.1814427117549859 1.044328135264956
 -0.1846049894151543 1.053814968245461
 -0.1877672670753227 1.063301801225966
 -0.190929544735491 1.072788634206471
 -0.1940918223956594 1.082275467186977
 -0.1972541000558278 1.091762300167482
 -0.2004163777159962 1.101249133147987
 -0.2035786553761646 1.110735966128492
 -0.206740933036333 1.120222799108997
 -0.2099032106965013 1.129709632089502
 -0.2130654883566697 1.139196465070007
 -0.2162277660168381 1.148683298050512
 -0.2193900436770065 1.158170131031018
 -0.2225523213371749 1.167656964011523
 -0.2257145989973433 1.177143796992028
 -0.2288768766575116 1.186630629972533
 -0.23203915431768 1.196117462953038
 -0.2352014319778484 1.205604295933543
 -0.2383637096380168 1.215091128914048
 -0.2415259872981852 1.224577961894553
 -0.2446882649583536 1.234064794875058
 -0.2478505426185219 1.243551627855564
 -0.2510128202786903 1.253038460836069
 -0.2541750979388587 1.262525293816574
 -0.257337375599027 1.272012126797079
 -0.2604996532591954 1.281498959777584
 -0.2636619309193637 1.290985792758089
 -0.2668242085795321 1.300472625738594
 -0.2699864862397005 1.309959458719099
 -0.2731487638998688 1.319446291699605
 -0.2763110415600372 1.32893312468011
 -0.2794733192202055 1.338419957660615
 -0.2826355968803739 1.34790679064112
 -0.2857978745405422 1.357393623621625
 -0.2889601522007106 1.36688045660213
 -0.2921224298608789 1.376367289582635
 -0.2952847075210473 1.38585412256314
 -0.2984469851812157 1.395340955543646
 -0.301609262841384 1.404827788524151
 -0.3047715405015524 1.414314621504656
 -0.3079338181617207 1.423801454485161
 -0.3110960958218891 1.433288287465666
 -0.3142583734820574 1.442775120446171
 -0.3174206511422258 1.452261953426676
 -0.3205829288023941 1.461748786407181
 -0.3237452064625625 1.471235619387687
 -0.3269074841227309 1.480722452368192
 -0.3300697617828992 1.490209285348697
 -0.3332320394430676 1.499696118329202
 -0.3363943171032359 1.509182951309707
 -0.3395565947634043 1.518669784290212
 -0.3427188724235726 1.528156617270717
 -0.345881150083741 1.537643450251222
 -0.3490434277439093 1.547130283231728
 -0.3522057054040777 1.556617116212233
 -0.3553679830642461 1.566103949192738
 -0.3585302607244144 1.575590782173243
 -0.3616925383845828 1.585077615153748
 -0.3648548160447511 1.594564448134253
 -0.3680170937049195 1.604051281114758
 -0.3711793713650878 1.613538114095263
 -0.3743416490252562 1.623024947075768
 -0.3775039266854245 1.632511780056274
 -0.3806662043455929 1.641998613036779
 -0.3838284820057613 1.651485446017284
 -0.3869907596659296 1.660972278997789
 -0.390153037326098 1.670459111978294
 -0.3933153149862663 1.679945944958799
 -0.3964775926464347 1.689432777939304
 -0.399639870306603 1.698919610919809
 -0.4028021479667714 1.708406443900315
 -0.4059644256269398 1.71789327688082
 -0.4091267032871082 1.727380109861325
 -0.4122889809472766 1.73686694284183
 -0.4154512586074449 1.746353775822335
 -0.4186135362676133 1.75584060880284
 -0.4217758139277817 1.765327441783345
 -0.42493809158795 1.77481427476385
 -0.4281003692481185 1.784301107744356
 -0.4312626469082868 1.793787940724861
 -0.4344249245684552 1.803274773705366
 -0.4375872022286236 1.812761606685871
 -0.4407494798887919 1.822248439666376
 -0.4439117575489603 1.831735272646881
 -0.4470740352091287 1.841222105627386
 -0.4502363128692971 1.850708938607891
 -0.4533985905294655 1.860195771588397
 -0.4565608681896338 1.869682604568902
 -0.4597231458498022 1.879169437549407
 -0.4628854235099706 1.888656270529912
 -0.466047701170139 1.898143103510417
 -0.4692099788303074 1.907629936490922
 -0.4723722564904757 1.917116769471427
 -0.4755345341506441 1.926603602451932
 -0.4786968118108125 1.936090435432438
 -0.4818590894709809 1.945577268412943
 -0.4850213671311492 1.955064101393448
 -0.4881836447913176 1.964550934373953
 -0.491345922451486 1.974037767354458
 -0.4945082001116544 1.983524600334963
 -0.4976704777718228 1.993011433315468
 -0.5008327554319911 2.002498266295973
 -0.4976704777718228 1.993011433315468
 -0.5008327554319911 2.002498266295973
 -0.4976704777718228 1.993011433315468
 -0.5008327554319911 2.002498266295973
 -0.4976704777718228 1.993011433315468
 -0.5008327554319911 2.002498266295973
 -0.4976704777718228 1.993011433315468
 -0.5008327554319911 2.002498266295973
 -0.4976704777718228 1.993011433315468
